[2021-05-26 13:30:10.409] [info] Loaded model Rajagopal_2015 from file /home/ubuntu/RealTimeKin/Rajagopal_2015.osim
[2021-05-26 13:30:10.414] [warning] Couldn't find file 'ulna_rv.vtp'.
[2021-05-26 13:30:10.415] [warning] Couldn't find file 'triquetrum_rvs.vtp'.
[2021-05-26 13:30:10.418] [warning] Couldn't find file 'ulna_lv.vtp'.
[2021-05-26 13:30:10.419] [warning] Couldn't find file 'triquetrum_lvs.vtp'.
[2021-05-26 13:30:10.442] [info] No heading correction is applied.
[2021-05-26 13:30:10.593] [info] Processing pelvis_imu
[2021-05-26 13:30:10.593] [info] Computed offset for pelvis_imu
[2021-05-26 13:30:10.593] [info] Offset is 
[0.698815,0.148233,-0.699775]
[-0.136843,-0.932519,-0.33419]
[-0.702091,0.329296,-0.631373]

[2021-05-26 13:30:10.594] [info] Creating offset frame for pelvis_imu
[2021-05-26 13:30:10.595] [info] Added offset frame for pelvis_imu.
[2021-05-26 13:30:10.595] [info] pelvis_imu offset computed from pelvis_imu data from file.
[2021-05-26 13:30:10.595] [info] Processing femur_r_imu
[2021-05-26 13:30:10.595] [info] Computed offset for femur_r_imu
[2021-05-26 13:30:10.595] [info] Offset is 
[-0.194152,0.979263,0.0578682]
[-0.980797,-0.194892,0.00738072]
[0.0185057,-0.0553239,0.998297]

[2021-05-26 13:30:10.596] [info] Creating offset frame for femur_r_imu
[2021-05-26 13:30:10.597] [info] Added offset frame for femur_r_imu.
[2021-05-26 13:30:10.598] [info] femur_r_imu offset computed from femur_r_imu data from file.
[2021-05-26 13:30:10.598] [info] Processing tibia_r_imu
[2021-05-26 13:30:10.598] [info] Computed offset for tibia_r_imu
[2021-05-26 13:30:10.598] [info] Offset is 
[0.706587,0.702642,-0.0838355]
[-0.699839,0.676364,-0.229688]
[-0.104685,0.220966,0.969647]

[2021-05-26 13:30:10.598] [info] Creating offset frame for tibia_r_imu
[2021-05-26 13:30:10.600] [info] Added offset frame for tibia_r_imu.
[2021-05-26 13:30:10.600] [info] tibia_r_imu offset computed from tibia_r_imu data from file.
[2021-05-26 13:30:10.600] [info] Processing calcn_r_imu
[2021-05-26 13:30:10.600] [info] Computed offset for calcn_r_imu
[2021-05-26 13:30:10.600] [info] Offset is 
[-0.343215,-0.921752,0.180492]
[0.914443,-0.371799,-0.159872]
[0.214469,0.110179,0.970497]

[2021-05-26 13:30:10.601] [info] Creating offset frame for calcn_r_imu
[2021-05-26 13:30:10.602] [info] Added offset frame for calcn_r_imu.
[2021-05-26 13:30:10.602] [info] calcn_r_imu offset computed from calcn_r_imu data from file.
[2021-05-28 11:18:15.771] [info] Loaded model Rajagopal_2015 from file /home/ubuntu/RealTimeKin/Rajagopal_2015.osim
[2021-05-28 11:18:15.779] [warning] Couldn't find file 'ulna_rv.vtp'.
[2021-05-28 11:18:15.780] [warning] Couldn't find file 'triquetrum_rvs.vtp'.
[2021-05-28 11:18:15.783] [warning] Couldn't find file 'ulna_lv.vtp'.
[2021-05-28 11:18:15.783] [warning] Couldn't find file 'triquetrum_lvs.vtp'.
[2021-05-28 11:18:15.792] [info] No heading correction is applied.
[2021-05-28 11:18:15.842] [info] Processing pelvis_imu
[2021-05-28 11:18:15.842] [info] Computed offset for pelvis_imu
[2021-05-28 11:18:15.842] [info] Offset is 
[0.715105,0.15031,-0.682665]
[-0.138564,-0.926746,-0.349201]
[-0.685146,0.344308,-0.641894]

[2021-05-28 11:18:15.842] [info] Creating offset frame for pelvis_imu
[2021-05-28 11:18:15.844] [info] Added offset frame for pelvis_imu.
[2021-05-28 11:18:15.844] [info] pelvis_imu offset computed from pelvis_imu data from file.
[2021-05-28 11:18:15.844] [info] Processing femur_r_imu
[2021-05-28 11:18:15.844] [info] Computed offset for femur_r_imu
[2021-05-28 11:18:15.844] [info] Offset is 
[-0.157447,0.986041,0.0541701]
[-0.987442,-0.157916,0.00446386]
[0.0129559,-0.052787,0.998522]

[2021-05-28 11:18:15.845] [info] Creating offset frame for femur_r_imu
[2021-05-28 11:18:15.846] [info] Added offset frame for femur_r_imu.
[2021-05-28 11:18:15.846] [info] femur_r_imu offset computed from femur_r_imu data from file.
[2021-05-28 11:18:15.846] [info] Processing tibia_r_imu
[2021-05-28 11:18:15.846] [info] Computed offset for tibia_r_imu
[2021-05-28 11:18:15.846] [info] Offset is 
[0.712234,0.701682,0.0190964]
[-0.701934,0.712094,0.0145136]
[-0.00341448,-0.0237415,0.999712]

[2021-05-28 11:18:15.847] [info] Creating offset frame for tibia_r_imu
[2021-05-28 11:18:15.848] [info] Added offset frame for tibia_r_imu.
[2021-05-28 11:18:15.848] [info] tibia_r_imu offset computed from tibia_r_imu data from file.
[2021-05-28 11:18:15.848] [info] Processing calcn_r_imu
[2021-05-28 11:18:15.848] [info] Computed offset for calcn_r_imu
[2021-05-28 11:18:15.848] [info] Offset is 
[-0.441793,-0.889225,0.118736]
[0.884539,-0.453852,-0.107742]
[0.149695,0.0574265,0.987063]

[2021-05-28 11:18:15.849] [info] Creating offset frame for calcn_r_imu
[2021-05-28 11:18:15.850] [info] Added offset frame for calcn_r_imu.
[2021-05-28 11:18:15.850] [info] calcn_r_imu offset computed from calcn_r_imu data from file.
[2021-05-29 07:02:05.212] [info] Loaded model Rajagopal_2015 from file /home/ubuntu/RealTimeKin/Rajagopal_2015.osim
[2021-05-29 07:02:05.216] [warning] Couldn't find file 'ulna_rv.vtp'.
[2021-05-29 07:02:05.217] [warning] Couldn't find file 'triquetrum_rvs.vtp'.
[2021-05-29 07:02:05.220] [warning] Couldn't find file 'ulna_lv.vtp'.
[2021-05-29 07:02:05.221] [warning] Couldn't find file 'triquetrum_lvs.vtp'.
[2021-05-29 07:02:05.230] [info] No heading correction is applied.
[2021-05-29 07:02:05.282] [info] Processing pelvis_imu
[2021-05-29 07:02:05.283] [info] Computed offset for pelvis_imu
[2021-05-29 07:02:05.283] [info] Offset is 
[0.281597,0.280555,-0.917601]
[-0.278337,-0.891299,-0.357931]
[-0.918276,0.356194,-0.172898]

[2021-05-29 07:02:05.283] [info] Creating offset frame for pelvis_imu
[2021-05-29 07:02:05.285] [info] Added offset frame for pelvis_imu.
[2021-05-29 07:02:05.285] [info] pelvis_imu offset computed from pelvis_imu data from file.
[2021-05-29 07:02:05.285] [info] Processing femur_r_imu
[2021-05-29 07:02:05.285] [info] Computed offset for femur_r_imu
[2021-05-29 07:02:05.285] [info] Offset is 
[0.103474,0.99436,0.0232586]
[-0.994624,0.103351,0.00642315]
[0.00398311,-0.0237982,0.999709]

[2021-05-29 07:02:05.286] [info] Creating offset frame for femur_r_imu
[2021-05-29 07:02:05.287] [info] Added offset frame for femur_r_imu.
[2021-05-29 07:02:05.287] [info] femur_r_imu offset computed from femur_r_imu data from file.
[2021-05-29 07:02:05.287] [info] Processing tibia_r_imu
[2021-05-29 07:02:05.287] [info] Computed offset for tibia_r_imu
[2021-05-29 07:02:05.288] [info] Offset is 
[0.629246,0.760396,-0.160768]
[-0.764203,0.567658,-0.3062]
[-0.141572,0.315535,0.938294]

[2021-05-29 07:02:05.288] [info] Creating offset frame for tibia_r_imu
[2021-05-29 07:02:05.290] [info] Added offset frame for tibia_r_imu.
[2021-05-29 07:02:05.290] [info] tibia_r_imu offset computed from tibia_r_imu data from file.
[2021-05-29 07:02:05.290] [info] Processing calcn_r_imu
[2021-05-29 07:02:05.290] [info] Computed offset for calcn_r_imu
[2021-05-29 07:02:05.290] [info] Offset is 
[-0.147741,-0.981802,0.119323]
[0.971646,-0.166603,-0.167771]
[0.184597,0.0911534,0.978578]

[2021-05-29 07:02:05.291] [info] Creating offset frame for calcn_r_imu
[2021-05-29 07:02:05.292] [info] Added offset frame for calcn_r_imu.
[2021-05-29 07:02:05.292] [info] calcn_r_imu offset computed from calcn_r_imu data from file.
[2021-05-29 09:19:55.032] [info] Loaded model Rajagopal_2015 from file /home/ubuntu/RealTimeKin/Rajagopal_2015.osim
[2021-05-29 09:19:55.037] [warning] Couldn't find file 'ulna_rv.vtp'.
[2021-05-29 09:19:55.037] [warning] Couldn't find file 'triquetrum_rvs.vtp'.
[2021-05-29 09:19:55.040] [warning] Couldn't find file 'ulna_lv.vtp'.
[2021-05-29 09:19:55.041] [warning] Couldn't find file 'triquetrum_lvs.vtp'.
[2021-05-29 09:19:55.051] [info] No heading correction is applied.
[2021-05-29 09:19:55.102] [info] Processing pelvis_imu
[2021-05-29 09:19:55.102] [info] Computed offset for pelvis_imu
[2021-05-29 09:19:55.102] [info] Offset is 
[0.283125,0.276457,-0.918374]
[-0.276457,-0.893387,-0.354164]
[-0.918374,0.354164,-0.176512]

[2021-05-29 09:19:55.103] [info] Creating offset frame for pelvis_imu
[2021-05-29 09:19:55.105] [info] Added offset frame for pelvis_imu.
[2021-05-29 09:19:55.105] [info] pelvis_imu offset computed from pelvis_imu data from file.
[2021-05-29 09:19:55.105] [info] Processing femur_r_imu
[2021-05-29 09:19:55.105] [info] Computed offset for femur_r_imu
[2021-05-29 09:19:55.105] [info] Offset is 
[0.102886,0.994671,0.00667165]
[-0.994671,0.102836,0.00739716]
[0.00667165,-0.00739716,0.99995]

[2021-05-29 09:19:55.106] [info] Creating offset frame for femur_r_imu
[2021-05-29 09:19:55.107] [info] Added offset frame for femur_r_imu.
[2021-05-29 09:19:55.107] [info] femur_r_imu offset computed from femur_r_imu data from file.
[2021-05-29 09:19:55.107] [info] Processing tibia_r_imu
[2021-05-29 09:19:55.107] [info] Computed offset for tibia_r_imu
[2021-05-29 09:19:55.108] [info] Offset is 
[0.605058,0.776373,-0.176495]
[-0.776373,0.526184,-0.346952]
[-0.176495,0.346952,0.921126]

[2021-05-29 09:19:55.108] [info] Creating offset frame for tibia_r_imu
[2021-05-29 09:19:55.110] [info] Added offset frame for tibia_r_imu.
[2021-05-29 09:19:55.110] [info] tibia_r_imu offset computed from tibia_r_imu data from file.
[2021-05-29 09:19:55.110] [info] Processing calcn_r_imu
[2021-05-29 09:19:55.110] [info] Computed offset for calcn_r_imu
[2021-05-29 09:19:55.110] [info] Offset is 
[-0.139501,-0.968906,0.204357]
[0.968906,-0.17615,-0.173762]
[0.204357,0.173762,0.963351]

[2021-05-29 09:19:55.111] [info] Creating offset frame for calcn_r_imu
[2021-05-29 09:19:55.112] [info] Added offset frame for calcn_r_imu.
[2021-05-29 09:19:55.112] [info] calcn_r_imu offset computed from calcn_r_imu data from file.
[2021-05-29 09:29:59.634] [info] Loaded model Rajagopal_2015 from file /home/ubuntu/RealTimeKin/Rajagopal_2015.osim
[2021-05-29 09:29:59.639] [warning] Couldn't find file 'ulna_rv.vtp'.
[2021-05-29 09:29:59.639] [warning] Couldn't find file 'triquetrum_rvs.vtp'.
[2021-05-29 09:29:59.642] [warning] Couldn't find file 'ulna_lv.vtp'.
[2021-05-29 09:29:59.643] [warning] Couldn't find file 'triquetrum_lvs.vtp'.
[2021-05-29 09:29:59.652] [info] No heading correction is applied.
[2021-05-29 09:29:59.707] [info] Processing pelvis_imu
[2021-05-29 09:29:59.707] [info] Computed offset for pelvis_imu
[2021-05-29 09:29:59.707] [info] Offset is 
[0.309273,0.265606,-0.913128]
[-0.276967,-0.89342,-0.353681]
[-0.909747,0.362291,-0.202746]

[2021-05-29 09:29:59.708] [info] Creating offset frame for pelvis_imu
[2021-05-29 09:29:59.709] [info] Added offset frame for pelvis_imu.
[2021-05-29 09:29:59.709] [info] pelvis_imu offset computed from pelvis_imu data from file.
[2021-05-29 09:29:59.710] [info] Processing torso_imu
[2021-05-29 09:29:59.710] [info] Computed offset for torso_imu
[2021-05-29 09:29:59.710] [info] Offset is 
[0.43565,-0.363986,0.823239]
[0.347446,-0.77571,-0.526836]
[0.830356,0.515547,-0.211472]

[2021-05-29 09:29:59.710] [info] Creating offset frame for torso_imu
[2021-05-29 09:29:59.712] [info] Added offset frame for torso_imu.
[2021-05-29 09:29:59.712] [info] torso_imu offset computed from torso_imu data from file.
[2021-05-29 09:29:59.712] [info] Processing femur_l_imu
[2021-05-29 09:29:59.712] [info] Computed offset for femur_l_imu
[2021-05-29 09:29:59.712] [info] Offset is 
[0.606416,-0.7682,-0.205255]
[0.77951,0.5234,0.344117]
[-0.15692,-0.368676,0.916217]

[2021-05-29 09:29:59.713] [info] Creating offset frame for femur_l_imu
[2021-05-29 09:29:59.714] [info] Added offset frame for femur_l_imu.
[2021-05-29 09:29:59.714] [info] femur_l_imu offset computed from femur_l_imu data from file.
[2021-05-29 09:29:59.714] [info] Processing tibia_l_imu
[2021-05-29 09:29:59.715] [info] Computed offset for tibia_l_imu
[2021-05-29 09:29:59.715] [info] Offset is 
[0.588166,-0.780102,-0.213311]
[0.791588,0.501273,0.349449]
[-0.165679,-0.374388,0.912351]

[2021-05-29 09:29:59.715] [info] Creating offset frame for tibia_l_imu
[2021-05-29 09:29:59.717] [info] Added offset frame for tibia_l_imu.
[2021-05-29 09:29:59.717] [info] tibia_l_imu offset computed from tibia_l_imu data from file.
[2021-05-29 09:29:59.717] [info] Processing calcn_l_imu
[2021-05-29 09:29:59.717] [info] Computed offset for calcn_l_imu
[2021-05-29 09:29:59.717] [info] Offset is 
[0.15803,0.811642,-0.562373]
[-0.828639,-0.200731,-0.522556]
[-0.537014,0.548584,0.640837]

[2021-05-29 09:29:59.718] [info] Creating offset frame for calcn_l_imu
[2021-05-29 09:29:59.719] [info] Added offset frame for calcn_l_imu.
[2021-05-29 09:29:59.719] [info] calcn_l_imu offset computed from calcn_l_imu data from file.
[2021-05-29 09:29:59.719] [info] Processing femur_r_imu
[2021-05-29 09:29:59.720] [info] Computed offset for femur_r_imu
[2021-05-29 09:29:59.720] [info] Offset is 
[0.102071,0.994483,-0.0241679]
[-0.994718,0.102299,0.00837969]
[0.0108058,0.0231849,0.999673]

[2021-05-29 09:29:59.720] [info] Creating offset frame for femur_r_imu
[2021-05-29 09:29:59.722] [info] Added offset frame for femur_r_imu.
[2021-05-29 09:29:59.722] [info] femur_r_imu offset computed from femur_r_imu data from file.
[2021-05-29 09:29:59.722] [info] Processing tibia_r_imu
[2021-05-29 09:29:59.722] [info] Computed offset for tibia_r_imu
[2021-05-29 09:29:59.722] [info] Offset is 
[0.285707,0.948151,-0.139215]
[-0.953185,0.266149,-0.143537]
[-0.099043,0.173708,0.979804]

[2021-05-29 09:29:59.723] [info] Creating offset frame for tibia_r_imu
[2021-05-29 09:29:59.724] [info] Added offset frame for tibia_r_imu.
[2021-05-29 09:29:59.724] [info] tibia_r_imu offset computed from tibia_r_imu data from file.
[2021-05-29 09:29:59.725] [info] Processing calcn_r_imu
[2021-05-29 09:29:59.725] [info] Computed offset for calcn_r_imu
[2021-05-29 09:29:59.725] [info] Offset is 
[-0.145235,-0.973938,0.174219]
[0.968895,-0.175664,-0.174312]
[0.200373,0.143483,0.969156]

[2021-05-29 09:29:59.726] [info] Creating offset frame for calcn_r_imu
[2021-05-29 09:29:59.727] [info] Added offset frame for calcn_r_imu.
[2021-05-29 09:29:59.727] [info] calcn_r_imu offset computed from calcn_r_imu data from file.
[2021-05-31 07:13:11.751] [info] Loaded model Rajagopal_2015 from file /home/ubuntu/RealTimeKin/Rajagopal_2015.osim
[2021-05-31 07:13:11.764] [warning] Couldn't find file 'ulna_rv.vtp'.
[2021-05-31 07:13:11.766] [warning] Couldn't find file 'triquetrum_rvs.vtp'.
[2021-05-31 07:13:11.773] [warning] Couldn't find file 'ulna_lv.vtp'.
[2021-05-31 07:13:11.775] [warning] Couldn't find file 'triquetrum_lvs.vtp'.
[2021-05-31 07:13:11.796] [info] No heading correction is applied.
[2021-05-31 07:13:11.921] [info] Processing pelvis_imu
[2021-05-31 07:13:11.921] [info] Computed offset for pelvis_imu
[2021-05-31 07:13:11.922] [info] Offset is 
[-0.0694893,0.551368,-0.831363]
[-0.967244,-0.241203,-0.0791212]
[-0.244152,0.798633,0.550068]

[2021-05-31 07:13:11.923] [info] Creating offset frame for pelvis_imu
[2021-05-31 07:13:11.926] [info] Added offset frame for pelvis_imu.
[2021-05-31 07:13:11.926] [info] pelvis_imu offset computed from pelvis_imu data from file.
[2021-05-31 07:13:11.926] [info] Processing torso_imu
[2021-05-31 07:13:11.926] [info] Computed offset for torso_imu
[2021-05-31 07:13:11.926] [info] Offset is 
[0.719238,0.128547,-0.682768]
[0.387475,0.741489,0.547775]
[0.57668,-0.658536,0.483498]

[2021-05-31 07:13:11.928] [info] Creating offset frame for torso_imu
[2021-05-31 07:13:11.930] [info] Added offset frame for torso_imu.
[2021-05-31 07:13:11.931] [info] torso_imu offset computed from torso_imu data from file.
[2021-05-31 07:13:11.931] [info] Processing femur_l_imu
[2021-05-31 07:13:11.931] [info] Computed offset for femur_l_imu
[2021-05-31 07:13:11.931] [info] Offset is 
[-0.180174,0.979281,0.092447]
[-0.982645,-0.17498,-0.0615771]
[-0.0441249,-0.101937,0.993812]

[2021-05-31 07:13:11.933] [info] Creating offset frame for femur_l_imu
[2021-05-31 07:13:11.935] [info] Added offset frame for femur_l_imu.
[2021-05-31 07:13:11.936] [info] femur_l_imu offset computed from femur_l_imu data from file.
[2021-05-31 07:13:11.936] [info] Processing tibia_l_imu
[2021-05-31 07:13:11.936] [info] Computed offset for tibia_l_imu
[2021-05-31 07:13:11.936] [info] Offset is 
[-0.180174,0.979281,0.092447]
[-0.982645,-0.17498,-0.0615771]
[-0.0441249,-0.101937,0.993812]

[2021-05-31 07:13:11.938] [info] Creating offset frame for tibia_l_imu
[2021-05-31 07:13:11.940] [info] Added offset frame for tibia_l_imu.
[2021-05-31 07:13:11.941] [info] tibia_l_imu offset computed from tibia_l_imu data from file.
[2021-05-31 07:13:11.941] [info] Processing calcn_l_imu
[2021-05-31 07:13:11.941] [info] Computed offset for calcn_l_imu
[2021-05-31 07:13:11.941] [info] Offset is 
[0.676691,-0.72308,-0.138725]
[0.0893421,-0.106382,0.990303]
[-0.730827,-0.682523,-0.00738637]

[2021-05-31 07:13:11.943] [info] Creating offset frame for calcn_l_imu
[2021-05-31 07:13:11.945] [info] Added offset frame for calcn_l_imu.
[2021-05-31 07:13:11.945] [info] calcn_l_imu offset computed from calcn_l_imu data from file.
[2021-05-31 07:13:11.945] [info] Processing femur_r_imu
[2021-05-31 07:13:11.946] [info] Computed offset for femur_r_imu
[2021-05-31 07:13:11.946] [info] Offset is 
[0.323257,-0.831984,-0.450896]
[0.806096,0.491681,-0.329332]
[0.495696,-0.257007,0.829598]

[2021-05-31 07:13:11.948] [info] Creating offset frame for femur_r_imu
[2021-05-31 07:13:11.950] [info] Added offset frame for femur_r_imu.
[2021-05-31 07:13:11.950] [info] femur_r_imu offset computed from femur_r_imu data from file.
[2021-05-31 07:13:11.950] [info] Processing tibia_r_imu
[2021-05-31 07:13:11.950] [info] Computed offset for tibia_r_imu
[2021-05-31 07:13:11.951] [info] Offset is 
[0.618958,0.00659743,0.785396]
[0.453917,0.813056,-0.364555]
[-0.640976,0.582149,0.500253]

[2021-05-31 07:13:11.952] [info] Creating offset frame for tibia_r_imu
[2021-05-31 07:13:11.955] [info] Added offset frame for tibia_r_imu.
[2021-05-31 07:13:11.955] [info] tibia_r_imu offset computed from tibia_r_imu data from file.
[2021-05-31 07:13:11.955] [info] Processing calcn_r_imu
[2021-05-31 07:13:11.955] [info] Computed offset for calcn_r_imu
[2021-05-31 07:13:11.955] [info] Offset is 
[0.945001,8.94924e-17,0.327068]
[4.28837e-17,1,-5.80772e-17]
[-0.327068,1.27456e-16,0.945001]

[2021-05-31 07:13:11.957] [info] Creating offset frame for calcn_r_imu
[2021-05-31 07:13:11.960] [info] Added offset frame for calcn_r_imu.
[2021-05-31 07:13:11.960] [info] calcn_r_imu offset computed from calcn_r_imu data from file.
[2021-05-31 07:16:34.088] [info] Loaded model Rajagopal_2015 from file /home/ubuntu/RealTimeKin/Rajagopal_2015.osim
[2021-05-31 07:16:34.097] [warning] Couldn't find file 'ulna_rv.vtp'.
[2021-05-31 07:16:34.099] [warning] Couldn't find file 'triquetrum_rvs.vtp'.
[2021-05-31 07:16:34.106] [warning] Couldn't find file 'ulna_lv.vtp'.
[2021-05-31 07:16:34.108] [warning] Couldn't find file 'triquetrum_lvs.vtp'.
[2021-05-31 07:16:34.128] [info] No heading correction is applied.
[2021-05-31 07:16:34.253] [info] Processing pelvis_imu
[2021-05-31 07:16:34.253] [info] Computed offset for pelvis_imu
[2021-05-31 07:16:34.253] [info] Offset is 
[-0.0694893,0.551368,-0.831363]
[-0.967244,-0.241203,-0.0791212]
[-0.244152,0.798633,0.550068]

[2021-05-31 07:16:34.255] [info] Creating offset frame for pelvis_imu
[2021-05-31 07:16:34.257] [info] Added offset frame for pelvis_imu.
[2021-05-31 07:16:34.257] [info] pelvis_imu offset computed from pelvis_imu data from file.
[2021-05-31 07:16:34.257] [info] Processing torso_imu
[2021-05-31 07:16:34.258] [info] Computed offset for torso_imu
[2021-05-31 07:16:34.258] [info] Offset is 
[0.719238,0.128547,-0.682768]
[0.387475,0.741489,0.547775]
[0.57668,-0.658536,0.483498]

[2021-05-31 07:16:34.259] [info] Creating offset frame for torso_imu
[2021-05-31 07:16:34.262] [info] Added offset frame for torso_imu.
[2021-05-31 07:16:34.262] [info] torso_imu offset computed from torso_imu data from file.
[2021-05-31 07:16:34.262] [info] Processing femur_l_imu
[2021-05-31 07:16:34.262] [info] Computed offset for femur_l_imu
[2021-05-31 07:16:34.262] [info] Offset is 
[-0.180174,0.979281,0.092447]
[-0.982645,-0.17498,-0.0615771]
[-0.0441249,-0.101937,0.993812]

[2021-05-31 07:16:34.264] [info] Creating offset frame for femur_l_imu
[2021-05-31 07:16:34.267] [info] Added offset frame for femur_l_imu.
[2021-05-31 07:16:34.267] [info] femur_l_imu offset computed from femur_l_imu data from file.
[2021-05-31 07:16:34.267] [info] Processing tibia_l_imu
[2021-05-31 07:16:34.267] [info] Computed offset for tibia_l_imu
[2021-05-31 07:16:34.267] [info] Offset is 
[-0.180174,0.979281,0.092447]
[-0.982645,-0.17498,-0.0615771]
[-0.0441249,-0.101937,0.993812]

[2021-05-31 07:16:34.269] [info] Creating offset frame for tibia_l_imu
[2021-05-31 07:16:34.272] [info] Added offset frame for tibia_l_imu.
[2021-05-31 07:16:34.272] [info] tibia_l_imu offset computed from tibia_l_imu data from file.
[2021-05-31 07:16:34.272] [info] Processing calcn_l_imu
[2021-05-31 07:16:34.272] [info] Computed offset for calcn_l_imu
[2021-05-31 07:16:34.272] [info] Offset is 
[0.676691,-0.72308,-0.138725]
[0.0893421,-0.106382,0.990303]
[-0.730827,-0.682523,-0.00738637]

[2021-05-31 07:16:34.274] [info] Creating offset frame for calcn_l_imu
[2021-05-31 07:16:34.276] [info] Added offset frame for calcn_l_imu.
[2021-05-31 07:16:34.276] [info] calcn_l_imu offset computed from calcn_l_imu data from file.
[2021-05-31 07:16:34.277] [info] Processing femur_r_imu
[2021-05-31 07:16:34.277] [info] Computed offset for femur_r_imu
[2021-05-31 07:16:34.277] [info] Offset is 
[0.323257,-0.831984,-0.450896]
[0.806096,0.491681,-0.329332]
[0.495696,-0.257007,0.829598]

[2021-05-31 07:16:34.279] [info] Creating offset frame for femur_r_imu
[2021-05-31 07:16:34.281] [info] Added offset frame for femur_r_imu.
[2021-05-31 07:16:34.281] [info] femur_r_imu offset computed from femur_r_imu data from file.
[2021-05-31 07:16:34.281] [info] Processing tibia_r_imu
[2021-05-31 07:16:34.282] [info] Computed offset for tibia_r_imu
[2021-05-31 07:16:34.282] [info] Offset is 
[0.618958,0.00659743,0.785396]
[0.453917,0.813056,-0.364555]
[-0.640976,0.582149,0.500253]

[2021-05-31 07:16:34.284] [info] Creating offset frame for tibia_r_imu
[2021-05-31 07:16:34.286] [info] Added offset frame for tibia_r_imu.
[2021-05-31 07:16:34.286] [info] tibia_r_imu offset computed from tibia_r_imu data from file.
[2021-05-31 07:16:34.286] [info] Processing calcn_r_imu
[2021-05-31 07:16:34.286] [info] Computed offset for calcn_r_imu
[2021-05-31 07:16:34.287] [info] Offset is 
[0.945001,8.94924e-17,0.327068]
[4.28837e-17,1,-5.80772e-17]
[-0.327068,1.27456e-16,0.945001]

[2021-05-31 07:16:34.289] [info] Creating offset frame for calcn_r_imu
[2021-05-31 07:16:34.291] [info] Added offset frame for calcn_r_imu.
[2021-05-31 07:16:34.291] [info] calcn_r_imu offset computed from calcn_r_imu data from file.
[2021-05-31 07:16:46.148] [info] Loaded model Rajagopal_2015 from file /home/ubuntu/RealTimeKin/Rajagopal_2015.osim
[2021-05-31 07:16:46.162] [warning] Couldn't find file 'ulna_rv.vtp'.
[2021-05-31 07:16:46.164] [warning] Couldn't find file 'triquetrum_rvs.vtp'.
[2021-05-31 07:16:46.172] [warning] Couldn't find file 'ulna_lv.vtp'.
[2021-05-31 07:16:46.175] [warning] Couldn't find file 'triquetrum_lvs.vtp'.
[2021-05-31 07:16:46.197] [info] No heading correction is applied.
[2021-05-31 07:16:46.343] [info] Processing pelvis_imu
[2021-05-31 07:16:46.343] [info] Computed offset for pelvis_imu
[2021-05-31 07:16:46.343] [info] Offset is 
[-0.385075,0.882831,0.268935]
[-0.920291,-0.389162,-0.0402225]
[0.0691497,-0.262987,0.962318]

[2021-05-31 07:16:46.345] [info] Creating offset frame for pelvis_imu
[2021-05-31 07:16:46.348] [info] Added offset frame for pelvis_imu.
[2021-05-31 07:16:46.348] [info] pelvis_imu offset computed from pelvis_imu data from file.
[2021-05-31 07:16:46.348] [info] Processing torso_imu
[2021-05-31 07:16:46.348] [info] Computed offset for torso_imu
[2021-05-31 07:16:46.349] [info] Offset is 
[0.939061,-0.128003,0.319028]
[0.0922399,0.987878,0.124855]
[-0.331143,-0.0878194,0.939485]

[2021-05-31 07:16:46.351] [info] Creating offset frame for torso_imu
[2021-05-31 07:16:46.353] [info] Added offset frame for torso_imu.
[2021-05-31 07:16:46.354] [info] torso_imu offset computed from torso_imu data from file.
[2021-05-31 07:16:46.354] [info] Processing femur_l_imu
[2021-05-31 07:16:46.354] [info] Computed offset for femur_l_imu
[2021-05-31 07:16:46.354] [info] Offset is 
[0.0833346,0.906208,0.414539]
[-0.993868,0.0452434,0.100892]
[0.0726738,-0.420405,0.904421]

[2021-05-31 07:16:46.356] [info] Creating offset frame for femur_l_imu
[2021-05-31 07:16:46.359] [info] Added offset frame for femur_l_imu.
[2021-05-31 07:16:46.359] [info] femur_l_imu offset computed from femur_l_imu data from file.
[2021-05-31 07:16:46.359] [info] Processing tibia_l_imu
[2021-05-31 07:16:46.360] [info] Computed offset for tibia_l_imu
[2021-05-31 07:16:46.360] [info] Offset is 
[0.0833346,0.906208,0.414539]
[-0.993868,0.0452434,0.100892]
[0.0726738,-0.420405,0.904421]

[2021-05-31 07:16:46.363] [info] Creating offset frame for tibia_l_imu
[2021-05-31 07:16:46.365] [info] Added offset frame for tibia_l_imu.
[2021-05-31 07:16:46.365] [info] tibia_l_imu offset computed from tibia_l_imu data from file.
[2021-05-31 07:16:46.366] [info] Processing calcn_l_imu
[2021-05-31 07:16:46.366] [info] Computed offset for calcn_l_imu
[2021-05-31 07:16:46.366] [info] Offset is 
[-0.0895706,-0.979565,0.180085]
[0.987994,-0.0645363,0.140366]
[-0.125876,0.190495,0.973585]

[2021-05-31 07:16:46.368] [info] Creating offset frame for calcn_l_imu
[2021-05-31 07:16:46.371] [info] Added offset frame for calcn_l_imu.
[2021-05-31 07:16:46.371] [info] calcn_l_imu offset computed from calcn_l_imu data from file.
[2021-05-31 07:16:46.371] [info] Processing femur_r_imu
[2021-05-31 07:16:46.371] [info] Computed offset for femur_r_imu
[2021-05-31 07:16:46.372] [info] Offset is 
[0.927658,0.168125,0.333444]
[-0.203848,0.97613,0.0749443]
[-0.312885,-0.137495,0.939786]

[2021-05-31 07:16:46.374] [info] Creating offset frame for femur_r_imu
[2021-05-31 07:16:46.379] [info] Added offset frame for femur_r_imu.
[2021-05-31 07:16:46.380] [info] femur_r_imu offset computed from femur_r_imu data from file.
[2021-05-31 07:16:46.380] [info] Processing tibia_r_imu
[2021-05-31 07:16:46.380] [info] Computed offset for tibia_r_imu
[2021-05-31 07:16:46.381] [info] Offset is 
[0.928378,-0.190806,0.318916]
[0.172614,0.981346,0.0846473]
[-0.329118,-0.0235352,0.943995]

[2021-05-31 07:16:46.384] [info] Creating offset frame for tibia_r_imu
[2021-05-31 07:16:46.388] [info] Added offset frame for tibia_r_imu.
[2021-05-31 07:16:46.388] [info] tibia_r_imu offset computed from tibia_r_imu data from file.
[2021-05-31 07:16:46.388] [info] Processing calcn_r_imu
[2021-05-31 07:16:46.388] [info] Computed offset for calcn_r_imu
[2021-05-31 07:16:46.388] [info] Offset is 
[0.945001,8.94924e-17,0.327068]
[4.28837e-17,1,-5.80772e-17]
[-0.327068,1.27456e-16,0.945001]

[2021-05-31 07:16:46.390] [info] Creating offset frame for calcn_r_imu
[2021-05-31 07:16:46.392] [info] Added offset frame for calcn_r_imu.
[2021-05-31 07:16:46.392] [info] calcn_r_imu offset computed from calcn_r_imu data from file.
[2021-05-31 11:34:26.501] [info] Loaded model Rajagopal_2015 from file /home/ubuntu/RealTimeKin/Rajagopal_2015.osim
[2021-05-31 11:34:26.510] [warning] Couldn't find file 'ulna_rv.vtp'.
[2021-05-31 11:34:26.511] [warning] Couldn't find file 'triquetrum_rvs.vtp'.
[2021-05-31 11:34:26.514] [warning] Couldn't find file 'ulna_lv.vtp'.
[2021-05-31 11:34:26.514] [warning] Couldn't find file 'triquetrum_lvs.vtp'.
[2021-05-31 11:34:26.524] [info] No heading correction is applied.
[2021-05-31 11:34:26.577] [info] Processing pelvis_imu
[2021-05-31 11:34:26.577] [info] Computed offset for pelvis_imu
[2021-05-31 11:34:26.577] [info] Offset is 
[0.735352,-0.429608,0.524113]
[-0.0533449,-0.807682,-0.5872]
[0.675583,0.40384,-0.616848]

[2021-05-31 11:34:26.578] [info] Creating offset frame for pelvis_imu
[2021-05-31 11:34:26.579] [info] Added offset frame for pelvis_imu.
[2021-05-31 11:34:26.579] [info] pelvis_imu offset computed from pelvis_imu data from file.
[2021-05-31 11:34:26.580] [info] Processing torso_imu
[2021-05-31 11:34:26.580] [info] Computed offset for torso_imu
[2021-05-31 11:34:26.580] [info] Offset is 
[-0.289281,0.658682,-0.694589]
[0.538952,0.711749,0.450493]
[0.791105,-0.244031,-0.560894]

[2021-05-31 11:34:26.581] [info] Creating offset frame for torso_imu
[2021-05-31 11:34:26.582] [info] Added offset frame for torso_imu.
[2021-05-31 11:34:26.582] [info] torso_imu offset computed from torso_imu data from file.
[2021-05-31 11:34:26.582] [info] Processing femur_l_imu
[2021-05-31 11:34:26.582] [info] Computed offset for femur_l_imu
[2021-05-31 11:34:26.582] [info] Offset is 
[0.342445,0.62446,-0.701984]
[-0.111891,-0.714735,-0.690387]
[-0.932851,0.314965,-0.174887]

[2021-05-31 11:34:26.583] [info] Creating offset frame for femur_l_imu
[2021-05-31 11:34:26.584] [info] Added offset frame for femur_l_imu.
[2021-05-31 11:34:26.585] [info] femur_l_imu offset computed from femur_l_imu data from file.
[2021-05-31 11:34:26.585] [info] Processing tibia_l_imu
[2021-05-31 11:34:26.585] [info] Computed offset for tibia_l_imu
[2021-05-31 11:34:26.585] [info] Offset is 
[0.296062,0.253678,-0.920866]
[-0.63368,-0.66921,-0.388082]
[-0.714701,0.698431,-0.0373771]

[2021-05-31 11:34:26.586] [info] Creating offset frame for tibia_l_imu
[2021-05-31 11:34:26.587] [info] Added offset frame for tibia_l_imu.
[2021-05-31 11:34:26.587] [info] tibia_l_imu offset computed from tibia_l_imu data from file.
[2021-05-31 11:34:26.587] [info] Processing calcn_l_imu
[2021-05-31 11:34:26.587] [info] Computed offset for calcn_l_imu
[2021-05-31 11:34:26.587] [info] Offset is 
[0.35727,-0.836342,0.415801]
[-0.900239,-0.189736,0.391879]
[-0.248852,-0.514327,-0.820695]

[2021-05-31 11:34:26.588] [info] Creating offset frame for calcn_l_imu
[2021-05-31 11:34:26.589] [info] Added offset frame for calcn_l_imu.
[2021-05-31 11:34:26.589] [info] calcn_l_imu offset computed from calcn_l_imu data from file.
[2021-05-31 11:34:26.589] [info] Processing femur_r_imu
[2021-05-31 11:34:26.590] [info] Computed offset for femur_r_imu
[2021-05-31 11:34:26.590] [info] Offset is 
[-0.805094,0.551195,-0.219106]
[0.285663,0.684048,0.671174]
[0.519827,0.477768,-0.708179]

[2021-05-31 11:34:26.590] [info] Creating offset frame for femur_r_imu
[2021-05-31 11:34:26.592] [info] Added offset frame for femur_r_imu.
[2021-05-31 11:34:26.592] [info] femur_r_imu offset computed from femur_r_imu data from file.
[2021-05-31 11:34:26.592] [info] Processing tibia_r_imu
[2021-05-31 11:34:26.592] [info] Computed offset for tibia_r_imu
[2021-05-31 11:34:26.592] [info] Offset is 
[-0.609487,0.652739,-0.449953]
[0.780034,0.392308,-0.487486]
[-0.141681,-0.648094,-0.748265]

[2021-05-31 11:34:26.593] [info] Creating offset frame for tibia_r_imu
[2021-05-31 11:34:26.594] [info] Added offset frame for tibia_r_imu.
[2021-05-31 11:34:26.594] [info] tibia_r_imu offset computed from tibia_r_imu data from file.
[2021-05-31 11:34:26.594] [info] Processing calcn_r_imu
[2021-05-31 11:34:26.594] [info] Computed offset for calcn_r_imu
[2021-05-31 11:34:26.595] [info] Offset is 
[0.580566,-0.680358,0.447276]
[0.515444,-0.118132,-0.848741]
[0.630286,0.723297,0.282103]

[2021-05-31 11:34:26.595] [info] Creating offset frame for calcn_r_imu
[2021-05-31 11:34:26.597] [info] Added offset frame for calcn_r_imu.
[2021-05-31 11:34:26.597] [info] calcn_r_imu offset computed from calcn_r_imu data from file.
[2021-05-31 12:53:49.460] [info] Loaded model Rajagopal_2015 from file /home/ubuntu/RealTimeKin/Rajagopal_2015.osim
[2021-05-31 12:53:49.464] [warning] Couldn't find file 'ulna_rv.vtp'.
[2021-05-31 12:53:49.465] [warning] Couldn't find file 'triquetrum_rvs.vtp'.
[2021-05-31 12:53:49.468] [warning] Couldn't find file 'ulna_lv.vtp'.
[2021-05-31 12:53:49.469] [warning] Couldn't find file 'triquetrum_lvs.vtp'.
[2021-05-31 12:53:49.478] [info] No heading correction is applied.
[2021-05-31 12:53:49.533] [info] Processing pelvis_imu
[2021-05-31 12:53:49.533] [info] Computed offset for pelvis_imu
[2021-05-31 12:53:49.533] [info] Offset is 
[0.750476,0.29244,-0.592676]
[-0.0553596,-0.865806,-0.497308]
[-0.658575,0.406028,-0.633578]

[2021-05-31 12:53:49.534] [info] Creating offset frame for pelvis_imu
[2021-05-31 12:53:49.535] [info] Added offset frame for pelvis_imu.
[2021-05-31 12:53:49.535] [info] pelvis_imu offset computed from pelvis_imu data from file.
[2021-05-31 12:53:49.535] [info] Processing torso_imu
[2021-05-31 12:53:49.535] [info] Computed offset for torso_imu
[2021-05-31 12:53:49.536] [info] Offset is 
[-0.413827,0.693074,-0.590251]
[0.537723,0.709275,0.455833]
[0.734576,-0.128756,-0.666199]

[2021-05-31 12:53:49.536] [info] Creating offset frame for torso_imu
[2021-05-31 12:53:49.538] [info] Added offset frame for torso_imu.
[2021-05-31 12:53:49.538] [info] torso_imu offset computed from torso_imu data from file.
[2021-05-31 12:53:49.538] [info] Processing femur_l_imu
[2021-05-31 12:53:49.538] [info] Computed offset for femur_l_imu
[2021-05-31 12:53:49.538] [info] Offset is 
[0.446535,0.491448,-0.74772]
[-0.226851,-0.746176,-0.625908]
[-0.865532,0.449111,-0.221708]

[2021-05-31 12:53:49.539] [info] Creating offset frame for femur_l_imu
[2021-05-31 12:53:49.540] [info] Added offset frame for femur_l_imu.
[2021-05-31 12:53:49.541] [info] femur_l_imu offset computed from femur_l_imu data from file.
[2021-05-31 12:53:49.541] [info] Processing tibia_l_imu
[2021-05-31 12:53:49.541] [info] Computed offset for tibia_l_imu
[2021-05-31 12:53:49.541] [info] Offset is 
[0.490974,0.510295,-0.706076]
[-0.359836,-0.619331,-0.697816]
[-0.793387,0.596681,-0.120453]

[2021-05-31 12:53:49.542] [info] Creating offset frame for tibia_l_imu
[2021-05-31 12:53:49.543] [info] Added offset frame for tibia_l_imu.
[2021-05-31 12:53:49.543] [info] tibia_l_imu offset computed from tibia_l_imu data from file.
[2021-05-31 12:53:49.543] [info] Processing calcn_l_imu
[2021-05-31 12:53:49.543] [info] Computed offset for calcn_l_imu
[2021-05-31 12:53:49.543] [info] Offset is 
[0.547691,-0.834065,0.0661107]
[-0.836559,-0.544548,0.0603121]
[-0.0143038,-0.0883378,-0.995988]

[2021-05-31 12:53:49.544] [info] Creating offset frame for calcn_l_imu
[2021-05-31 12:53:49.545] [info] Added offset frame for calcn_l_imu.
[2021-05-31 12:53:49.545] [info] calcn_l_imu offset computed from calcn_l_imu data from file.
[2021-05-31 12:53:49.545] [info] Processing femur_r_imu
[2021-05-31 12:53:49.546] [info] Computed offset for femur_r_imu
[2021-05-31 12:53:49.546] [info] Offset is 
[0.973243,0.178747,0.14439]
[-0.18236,0.983158,0.0120787]
[-0.139799,-0.0380864,0.989447]

[2021-05-31 12:53:49.546] [info] Creating offset frame for femur_r_imu
[2021-05-31 12:53:49.548] [info] Added offset frame for femur_r_imu.
[2021-05-31 12:53:49.548] [info] femur_r_imu offset computed from femur_r_imu data from file.
[2021-05-31 12:53:49.548] [info] Processing tibia_r_imu
[2021-05-31 12:53:49.548] [info] Computed offset for tibia_r_imu
[2021-05-31 12:53:49.548] [info] Offset is 
[-0.300391,0.409014,-0.861669]
[0.908567,0.397651,-0.127984]
[0.290296,-0.821329,-0.491068]

[2021-05-31 12:53:49.549] [info] Creating offset frame for tibia_r_imu
[2021-05-31 12:53:49.550] [info] Added offset frame for tibia_r_imu.
[2021-05-31 12:53:49.551] [info] tibia_r_imu offset computed from tibia_r_imu data from file.
[2021-05-31 12:53:49.551] [info] Processing calcn_r_imu
[2021-05-31 12:53:49.551] [info] Computed offset for calcn_r_imu
[2021-05-31 12:53:49.551] [info] Offset is 
[0.981247,0.18834,0.0410219]
[-0.131438,0.809438,-0.572306]
[-0.140993,0.556182,0.819013]

[2021-05-31 12:53:49.552] [info] Creating offset frame for calcn_r_imu
[2021-05-31 12:53:49.553] [info] Added offset frame for calcn_r_imu.
[2021-05-31 12:53:49.553] [info] calcn_r_imu offset computed from calcn_r_imu data from file.
[2021-05-31 12:54:56.701] [info] Loaded model Rajagopal_2015 from file /home/ubuntu/RealTimeKin/Rajagopal_2015.osim
[2021-05-31 12:54:56.705] [warning] Couldn't find file 'ulna_rv.vtp'.
[2021-05-31 12:54:56.706] [warning] Couldn't find file 'triquetrum_rvs.vtp'.
[2021-05-31 12:54:56.709] [warning] Couldn't find file 'ulna_lv.vtp'.
[2021-05-31 12:54:56.710] [warning] Couldn't find file 'triquetrum_lvs.vtp'.
[2021-05-31 12:54:56.719] [info] No heading correction is applied.
[2021-05-31 12:54:56.773] [info] Processing pelvis_imu
[2021-05-31 12:54:56.773] [info] Computed offset for pelvis_imu
[2021-05-31 12:54:56.773] [info] Offset is 
[0.743631,0.296766,-0.599118]
[-0.137975,-0.808687,-0.571829]
[-0.654198,0.507894,-0.560418]

[2021-05-31 12:54:56.774] [info] Creating offset frame for pelvis_imu
[2021-05-31 12:54:56.775] [info] Added offset frame for pelvis_imu.
[2021-05-31 12:54:56.775] [info] pelvis_imu offset computed from pelvis_imu data from file.
[2021-05-31 12:54:56.775] [info] Processing torso_imu
[2021-05-31 12:54:56.775] [info] Computed offset for torso_imu
[2021-05-31 12:54:56.775] [info] Offset is 
[-0.389862,0.688872,-0.611116]
[0.536925,0.709194,0.456897]
[0.748144,-0.149996,-0.64636]

[2021-05-31 12:54:56.776] [info] Creating offset frame for torso_imu
[2021-05-31 12:54:56.778] [info] Added offset frame for torso_imu.
[2021-05-31 12:54:56.778] [info] torso_imu offset computed from torso_imu data from file.
[2021-05-31 12:54:56.778] [info] Processing femur_l_imu
[2021-05-31 12:54:56.778] [info] Computed offset for femur_l_imu
[2021-05-31 12:54:56.778] [info] Offset is 
[0.426509,0.501168,-0.752941]
[-0.235549,-0.742186,-0.627437]
[-0.873274,0.444962,-0.198499]

[2021-05-31 12:54:56.779] [info] Creating offset frame for femur_l_imu
[2021-05-31 12:54:56.780] [info] Added offset frame for femur_l_imu.
[2021-05-31 12:54:56.780] [info] femur_l_imu offset computed from femur_l_imu data from file.
[2021-05-31 12:54:56.780] [info] Processing tibia_l_imu
[2021-05-31 12:54:56.780] [info] Computed offset for tibia_l_imu
[2021-05-31 12:54:56.780] [info] Offset is 
[0.288857,0.71667,-0.63478]
[0.138077,-0.687298,-0.713131]
[-0.947363,0.118344,-0.297486]

[2021-05-31 12:54:56.781] [info] Creating offset frame for tibia_l_imu
[2021-05-31 12:54:56.782] [info] Added offset frame for tibia_l_imu.
[2021-05-31 12:54:56.783] [info] tibia_l_imu offset computed from tibia_l_imu data from file.
[2021-05-31 12:54:56.783] [info] Processing calcn_l_imu
[2021-05-31 12:54:56.783] [info] Computed offset for calcn_l_imu
[2021-05-31 12:54:56.783] [info] Offset is 
[0.442901,-0.451238,0.774741]
[-0.880892,-0.0581177,0.469735]
[-0.166936,-0.890509,-0.423232]

[2021-05-31 12:54:56.783] [info] Creating offset frame for calcn_l_imu
[2021-05-31 12:54:56.785] [info] Added offset frame for calcn_l_imu.
[2021-05-31 12:54:56.785] [info] calcn_l_imu offset computed from calcn_l_imu data from file.
[2021-05-31 12:54:56.785] [info] Processing femur_r_imu
[2021-05-31 12:54:56.785] [info] Computed offset for femur_r_imu
[2021-05-31 12:54:56.785] [info] Offset is 
[0.942077,0.276195,0.190283]
[-0.274356,0.960936,-0.0364788]
[-0.192925,-0.0178395,0.981051]

[2021-05-31 12:54:56.786] [info] Creating offset frame for femur_r_imu
[2021-05-31 12:54:56.787] [info] Added offset frame for femur_r_imu.
[2021-05-31 12:54:56.787] [info] femur_r_imu offset computed from femur_r_imu data from file.
[2021-05-31 12:54:56.787] [info] Processing tibia_r_imu
[2021-05-31 12:54:56.787] [info] Computed offset for tibia_r_imu
[2021-05-31 12:54:56.788] [info] Offset is 
[-0.293416,0.398835,-0.868814]
[0.912095,0.389002,-0.129459]
[0.286337,-0.830426,-0.477915]

[2021-05-31 12:54:56.788] [info] Creating offset frame for tibia_r_imu
[2021-05-31 12:54:56.790] [info] Added offset frame for tibia_r_imu.
